24 38 50
24 38 50
24 38 50
22 38 53
24 40 55
26 40 53
26 42 56
27 42 54
31 39 53
31 38 52
32 40 52
30 38 51
30 37 53
29 34 54
30 36 53
33 38 48
29 38 50
30 38 53
30 38 53
30 42 51
32 38 52
31 36 54
31 36 53
33 36 54
33 35 53
30 34 53
31 33 53
32 32 51
30 32 55
31 33 52
30 34 53
27 34 54
26 34 49
26 34 49
26 33 49
25 33 46
26 31 45
25 30 47
23 32 47
23 29 48
24 31 50
23 32 52
22 33 53
22 32 52
20 31 51
19 35 52
21 31 52
23 31 53
22 33 54
23 34 53
22 30 53
22 35 50
20 32 55
23 31 54
21 33 56
21 33 53
21 34 50
24 37 50
24 36 52
26 37 48
28 38 48
27 40 50
31 44 43
35 45 47
38 41 46
43 41 46
46 42 46
46 38 48
47 38 49
48 36 48
49 38 48
50 38 49
49 38 48
50 39 47
49 37 47
49 37 46
49 37 46
48 35 46
46 35 45
46 34 45
46 34 44
48 33 45
49 31 44
48 32 45
48 32 45
46 30 46
47 32 45
49 33 46
50 33 44
49 35 46
49 33 46
50 33 44
50 34 45
50 33 45
51 34 45
50 35 47
50 36 46
49 36 45
49 38 46
48 36 46
50 35 46
49 36 45
49 35 45
49 36 43
49 35 44
50 35 45
49 37 44
50 35 44
48 36 45
48 37 45
49 38 44
49 37 44
49 37 44
49 37 44
48 37 44
49 38 44
49 38 45
51 37 45
50 37 45
50 38 45
50 37 44
49 37 45
49 36 45
47 36 45
50 36 44
50 37 44
49 37 44
49 37 45
49 36 45
50 36 45
49 37 45
49 37 44
48 37 45
49 37 44
48 38 44
49 36 44
49 36 45
48 36 45
48 37 45
48 37 45
48 36 45
50 37 45
51 36 45
49 37 46
48 35 46
49 36 45
48 36 45
48 37 44
49 36 44
48 38 45
49 37 46
49 37 45
49 36 45
49 37 46
50 35 45
49 36 45
50 37 45
49 37 46
49 36 44
48 36 44
49 36 44
49 38 45
49 37 44
48 36 44
48 37 46
48 36 47
48 37 44
48 36 45
49 36 45
49 36 45
49 37 45
49 36 45
49 35 45
48 36 44
49 37 44
48 35 45
50 36 45
48 35 45
49 36 44
49 36 44
48 36 46
49 36 45
49 36 45
48 37 45
47 38 45
49 36 46
48 36 46
48 36 45
48 36 46
48 37 45
48 36 45
48 36 44
49 36 46
50 36 45
49 37 45
49 38 45
48 38 47
48 37 46
48 36 45
48 35 46
49 38 44
48 37 45
49 37 46
47 36 45
49 36 43
48 37 45
50 36 46
49 37 45
50 38 45
49 37 46
48 36 45
48 36 46
49 36 45
50 37 45
50 37 43
50 36 45
48 38 46
49 38 46
48 36 46
49 36 44
48 37 44
49 35 44
47 34 43
49 34 44
49 35 44
49 35 44
50 34 44
51 35 44
50 34 43
51 34 43
51 34 43
51 34 44
50 33 43
50 37 43
49 37 42
49 34 42
51 34 44
51 33 44
50 35 46
52 34 46
50 33 44
49 34 44
47 33 43
50 33 42
50 33 41
50 33 43
50 33 43
50 33 44
50 32 44
50 32 43
